010000
010002
010003
010004
010005
010007
010008
010009
010010
010011
010012
010013
010014
010015
010016
010017
010018
010019
010020
010022
010023
010024
010026
010027
010028
010029
010030
010031
010032
010033
010034
010037
010038
010039
010040
010041
010042
010043
010044
010045
010046
010047
010048
010049
010050
010051
010052
010053
010054
010055
010056
010057
010058
010059
010060
010061
010062
010063
010064
010065
010066
010067
010068
010070
010071
010072
010073
010074
010075
010076
010078
010079
010081
010082
010083
010084
010085
010086
010087
010088
010089
